45.0 0.015265006352
45.1 0.0151949838654
45.2 0.0151206479295
45.3 0.0150482753089
45.4 0.0150023256826
45.5 0.0149875727719
45.6 0.0150817540972
45.7 0.0152570037498
45.8 0.0154178532052
45.9 0.015559306025
46.0 0.0157092193535
46.1 0.015849872568
46.2 0.0159722359413
46.3 0.016033967686
46.4 0.0160777690509
46.5 0.0161454070415
46.6 0.0161961476932
46.7 0.0163000039554
46.8 0.0164996882633
46.9 0.0167561555708
47.0 0.0170457248794
47.1 0.0173637734187
47.2 0.0176797381599
47.3 0.0179197399161
47.4 0.0181124952878
47.5 0.0182835899001
47.6 0.0184055178634
47.7 0.0185370414675
47.8 0.0187444267982
47.9 0.0189757949202
48.0 0.0192356977246
48.1 0.0195073244148
48.2 0.0197511726994
48.3 0.0198563126048
48.4 0.0198563619359
48.5 0.0198428722447
48.6 0.0198575842001
48.7 0.0199363861599
48.8 0.0203413921847
48.9 0.020897433968
49.0 0.0213646157346
49.1 0.0216249358366
49.2 0.0217800931141
49.3 0.0219192683128
49.4 0.0220538614531
49.5 0.0221288308712
49.6 0.0221789254451
49.7 0.0222864256821
49.8 0.0223306435796
49.9 0.0223625163531
50.0 0.0225923380773
50.1 0.023239022513
50.2 0.0239332224939
50.3 0.024384110318
50.4 0.0244343562298
50.5 0.0241661050488
50.6 0.024003577668
50.7 0.0241863981722
50.8 0.024208646309
50.9 0.024071486674
51.0 0.024018190672
51.1 0.0241019569571
51.2 0.0243019464738
51.3 0.0245180643528
51.4 0.0247672931214
51.5 0.0251160477997
51.6 0.0252610546665
51.7 0.0246480840664
51.8 0.023664760351
51.9 0.0231045134347
52.0 0.0230805234606
52.1 0.0233018354614
52.2 0.0238467323112
52.3 0.024448250264
52.4 0.0264592246482
52.5 0.029171031232
52.6 0.0307681110486
52.7 0.0312569367139
52.8 0.0316148682358
52.9 0.0340529047633
53.0 0.0373523856591
53.1 0.0402078107388
53.2 0.0414753565601
53.3 0.0419616869193
53.4 0.0422375328464
53.5 0.0422385436513
53.6 0.0420745512788
53.7 0.0418272475084
53.8 0.041754277186
53.9 0.0418912086178
54.0 0.0422845716203
54.1 0.0430446849441
54.2 0.0439338033648
54.3 0.0443480643202
54.4 0.0444165646063
54.5 0.0439442829777
54.6 0.0429343054911
54.7 0.0423889498513
54.8 0.0449156812511
54.9 0.0488225619264
55.0 0.0513755770258
55.1 0.0529275627618
55.2 0.0545439335083
55.3 0.0556930382603
55.4 0.0560425071377
55.5 0.0574848586967
55.6 0.0602280247854
55.7 0.0633894122197
55.8 0.0680993473548
55.9 0.0730558365979
56.0 0.0758848861491
56.1 0.0771663473917
56.2 0.0778450273454
56.3 0.0788205199704
56.4 0.0813815934105
56.5 0.0855991892942
56.6 0.0891360623708
56.7 0.0906451025436
56.8 0.0922447199915
56.9 0.0942652841607
57.0 0.096973375804
57.1 0.10237011328
57.2 0.108784096774
57.3 0.117719546702
57.4 0.128113273332
57.5 0.145088743059
57.6 0.170271296791
57.7 0.193440821308
57.8 0.2168310671
57.9 0.243624185748
58.0 0.267462701005
58.1 0.285713416963
58.2 0.300031551406
58.3 0.305660225581
58.4 0.305115618763
58.5 0.307555919392
58.6 0.314378920254
58.7 0.331228813566
58.8 0.356950914801
58.9 0.380043480642
59.0 0.397682155047
59.1 0.408071247637
59.2 0.412634178533
59.3 0.420103564086
59.4 0.428329236662
59.5 0.441438475764
59.6 0.460804018377
59.7 0.48343975518
59.8 0.509653312738
59.9 0.537119049196
60.0 0.567258493431
60.1 0.598867287645
60.2 0.630093889801
60.3 0.663549879659
60.4 0.69609587821
60.5 0.722508263012
60.6 0.733139453946
60.7 0.737855710423
60.8 0.745424869825
60.9 0.754038862019
61.0 0.761937433938
61.1 0.768794991434
61.2 0.781242261243
61.3 0.798824658603
61.4 0.815460670712
61.5 0.830066359276
61.6 0.841701913503
61.7 0.851982699613
61.8 0.862297792071
61.9 0.870961973172
62.0 0.878452315506
62.1 0.882035035375
62.2 0.883748652794
62.3 0.885356299946
62.4 0.887584848371
62.5 0.89039591008
62.6 0.892717893743
62.7 0.894694249895
62.8 0.897076634729
62.9 0.900243528829
63.0 0.902992799382
63.1 0.904854894869
63.2 0.905883689113
63.3 0.906331036598
63.4 0.90745639649
63.5 0.909306072073
63.6 0.911683970235
63.7 0.913999490233
63.8 0.915714334814
63.9 0.918281116789
64.0 0.922034319388
64.1 0.925666747358
64.2 0.928913056935
64.3 0.930333467976
64.4 0.931311224861
64.5 0.932682809847
64.6 0.933996311738
64.7 0.935491726302
64.8 0.937461697444
64.9 0.939359989729
65.0 0.940891944602
65.1 0.942279211363
65.2 0.943768971591
65.3 0.945639918055
65.4 0.94786805976
65.5 0.950012083234
65.6 0.952005149
65.7 0.953272885388
65.8 0.953676484238
65.9 0.954255588798
66.0 0.955240456389
66.1 0.956384509322
66.2 0.957407306812
66.3 0.958224115759
66.4 0.959269822845
66.5 0.960611918631
66.6 0.961598776793
66.7 0.96232606987
66.8 0.96308647625
66.9 0.963975596033
67.0 0.965148107765
67.1 0.966145158918
67.2 0.966699017046
67.3 0.966995929322
67.4 0.967315260715
67.5 0.967787297454
67.6 0.968298152501
67.7 0.9688076559
67.8 0.969304136913
67.9 0.969725993623
68.0 0.970156527979
68.1 0.970588252248
68.2 0.970907808283
68.3 0.971227988462
68.4 0.971758231908
68.5 0.972557163588
68.6 0.973379249612
68.7 0.9743167048
68.8 0.975342903655
68.9 0.976162317818
69.0 0.976738028659
69.1 0.977178520775
69.2 0.977732443013
69.3 0.978322256913
69.4 0.978750114847
69.5 0.979049707248
69.6 0.979199162404
69.7 0.979303024143
69.8 0.979459909674
69.9 0.979768295147
70.0 0.980166900818
70.1 0.980527724075
70.2 0.980894281947
70.3 0.981208994482
70.4 0.981528802546
70.5 0.981811480025
70.6 0.982040998019
70.7 0.982425976647
70.8 0.982861074008
70.9 0.983402476945
71.0 0.984125918521
71.1 0.984756679913
71.2 0.984974660467
71.3 0.985095553185
71.4 0.985358676092
71.5 0.985625007157
71.6 0.985864308487
71.7 0.986103858262
71.8 0.986356866005
71.9 0.986728191257
72.0 0.987151671939
72.1 0.987535577782
72.2 0.98781577456
72.3 0.988014892156
72.4 0.988213516355
72.5 0.988382683797
72.6 0.988570029292
72.7 0.988770208054
72.8 0.988949800486
72.9 0.989120032314
73.0 0.989290674964
73.1 0.989521677856
73.2 0.989822021013
73.3 0.990036825483
73.4 0.990182923646
73.5 0.990337979507
73.6 0.990508717695
73.7 0.990710696687
73.8 0.990979498888
73.9 0.991294833844
74.0 0.991518598906
74.1 0.991654496283
74.2 0.991765453595
74.3 0.991904352697
74.4 0.992038104258
74.5 0.992077669876
74.6 0.992113997783
74.7 0.992198717063
74.8 0.992382059134
74.9 0.992695208459
