45.0 0.0176795895019
45.1 0.0176795895019
45.2 0.0176795895019
45.3 0.0176795895019
45.4 0.0176795895019
45.5 0.0176795895019
45.6 0.0176795895019
45.7 0.0176795895019
45.8 0.0176795895019
45.9 0.0182662132919
46.0 0.0179585937005
46.1 0.0178748488073
46.2 0.017697362049
46.3 0.017697362049
46.4 0.0180031938007
46.5 0.0180031938007
46.6 0.0182400120217
46.7 0.0182400120217
46.8 0.0189844295982
46.9 0.0189844295982
47.0 0.0188358663579
47.1 0.0188358663579
47.2 0.0181419207976
47.3 0.0187205075277
47.4 0.0187205075277
47.5 0.0185384087318
47.6 0.0190759977306
47.7 0.0190759977306
47.8 0.0205438331177
47.9 0.0205438331177
48.0 0.0205438331177
48.1 0.0211925012436
48.2 0.021166253437
48.3 0.0213139381921
48.4 0.0224763738554
48.5 0.0224763738554
48.6 0.0224763738554
48.7 0.0228957282863
48.8 0.0229360435998
48.9 0.0229360435998
49.0 0.0237319710311
49.1 0.0241388727097
49.2 0.0241388727097
49.3 0.0238503353423
49.4 0.0238503353423
49.5 0.0238503353423
49.6 0.0243898966451
49.7 0.0253595219432
49.8 0.0260513492386
49.9 0.0260513492386
50.0 0.0256955385759
50.1 0.0256955385759
50.2 0.0256955385759
50.3 0.0268099793501
50.4 0.0276076349799
50.5 0.0276076349799
50.6 0.0276076349799
50.7 0.0275311438927
50.8 0.0276804575382
50.9 0.0268983616528
51.0 0.0270047510015
51.1 0.0274671781555
51.2 0.0274671781555
51.3 0.0264180376677
51.4 0.0322577184987
51.5 0.0322577184987
51.6 0.0322577184987
51.7 0.0323897069621
51.8 0.0323897069621
51.9 0.0323897069621
52.0 0.0328528254488
52.1 0.0328528254488
52.2 0.0328528254488
52.3 0.0328528254488
52.4 0.0328528254488
52.5 0.0353849419483
52.6 0.0355381475863
52.7 0.0355381475863
52.8 0.0389701669337
52.9 0.0389701669337
53.0 0.044018299612
53.1 0.044018299612
53.2 0.044018299612
53.3 0.0455128558097
53.4 0.0496377489242
53.5 0.0524667837757
53.6 0.0524667837757
53.7 0.0568393621537
53.8 0.0568393621537
53.9 0.0568393621537
54.0 0.0568393621537
54.1 0.0577634518534
54.2 0.0577634518534
54.3 0.063066181589
54.4 0.0645347417998
54.5 0.0645347417998
54.6 0.0645347417998
54.7 0.0641919584817
54.8 0.0641919584817
54.9 0.0640553071722
55.0 0.0643914809027
55.1 0.0643914809027
55.2 0.0730495743808
55.3 0.0730495743808
55.4 0.0730420145854
55.5 0.0730420145854
55.6 0.0797673496265
55.7 0.0823976087796
55.8 0.0823976087796
55.9 0.0823976087796
56.0 0.0823976087796
56.1 0.0855856164242
56.2 0.0855856164242
56.3 0.101844536259
56.4 0.105554077534
56.5 0.105554077534
56.6 0.105554077534
56.7 0.105554077534
56.8 0.109428784093
56.9 0.104396887036
57.0 0.110501105336
57.1 0.11324072227
57.2 0.11621888512
57.3 0.131333898221
57.4 0.146545886107
57.5 0.146545886107
57.6 0.146545886107
57.7 0.146545886107
57.8 0.16920670695
57.9 0.193536560371
58.0 0.211372452214
58.1 0.211372452214
58.2 0.211372452214
58.3 0.250649270168
58.4 0.250649270168
58.5 0.285696298965
58.6 0.301889459369
58.7 0.311015947255
58.8 0.323585238216
58.9 0.323585238216
59.0 0.323585238216
59.1 0.362359949835
59.2 0.362359949835
59.3 0.362359949835
59.4 0.43797899561
59.5 0.43797899561
59.6 0.483746535661
59.7 0.530495773419
59.8 0.550074725538
59.9 0.653797362626
60.0 0.677661779185
60.1 0.709474792911
60.2 0.709474792911
60.3 0.709474792911
60.4 0.709474792911
60.5 0.718783909828
60.6 0.718783909828
60.7 0.718783909828
60.8 0.718783909828
60.9 0.725142387774
61.0 0.74640298019
61.1 0.74640298019
61.2 0.749465223094
61.3 0.73235224006
61.4 0.739562025351
61.5 0.739562025351
61.6 0.772629447692
61.7 0.794061417302
61.8 0.794061417302
61.9 0.806358047337
62.0 0.820526835739
62.1 0.830463686248
62.2 0.830463686248
62.3 0.834896556113
62.4 0.842832252443
62.5 0.896528469731
62.6 0.896528469731
62.7 0.896651636073
62.8 0.894751866267
62.9 0.894751866267
63.0 0.89590203942
63.1 0.900531385666
63.2 0.900531385666
63.3 0.901552026521
63.4 0.90538385346
63.5 0.908181977209
63.6 0.908181977209
63.7 0.908181977209
63.8 0.911335251142
63.9 0.918097410037
64.0 0.920017242096
64.1 0.930704933196
64.2 0.930704933196
64.3 0.930704933196
64.4 0.934310987569
64.5 0.937981717566
64.6 0.941766836582
64.7 0.941766836582
64.8 0.943670594103
64.9 0.945454327243
65.0 0.9461631355
65.1 0.9461631355
65.2 0.946894561827
65.3 0.949810191988
65.4 0.950624688396
65.5 0.95322814121
65.6 0.953240989802
65.7 0.952918264922
65.8 0.954093948484
65.9 0.954093948484
66.0 0.956115355624
66.1 0.956115355624
66.2 0.956115355624
66.3 0.958848702669
66.4 0.959845301979
66.5 0.959845301979
66.6 0.960809321951
66.7 0.960809321951
66.8 0.961482884256
66.9 0.96332819656
67.0 0.965512966729
67.1 0.965512966729
67.2 0.966898753965
67.3 0.967894963632
67.4 0.969394129095
67.5 0.969394129095
67.6 0.970091608817
67.7 0.971163090591
67.8 0.972245204388
67.9 0.972245204388
68.0 0.973156918061
68.1 0.973156918061
68.2 0.973156918061
68.3 0.973387320382
68.4 0.974307322421
68.5 0.974432262487
68.6 0.974979922448
68.7 0.974979922448
68.8 0.975622526818
68.9 0.975622526818
69.0 0.975903933468
69.1 0.977079943862
69.2 0.977782514589
69.3 0.977782514589
69.4 0.977782514589
69.5 0.977782514589
69.6 0.978193178242
69.7 0.979297450301
69.8 0.979297450301
69.9 0.980100519888
70.0 0.980100519888
70.1 0.980100519888
70.2 0.980100519888
70.3 0.980817872583
70.4 0.982096676166
70.5 0.983088936224
70.6 0.983088936224
70.7 0.983088936224
70.8 0.983088936224
70.9 0.983738467007
71.0 0.983738467007
71.1 0.984703756362
71.2 0.984703756362
71.3 0.985261299866
71.4 0.986074805487
71.5 0.986074805487
71.6 0.986876726599
71.7 0.986876726599
71.8 0.987378593636
71.9 0.988166120854
72.0 0.988166120854
72.1 0.988166120854
72.2 0.988166120854
72.3 0.988670607588
72.4 0.989059754288
72.5 0.989059754288
72.6 0.989491216187
72.7 0.989491216187
72.8 0.989491216187
72.9 0.989790598838
73.0 0.99022018385
73.1 0.99022018385
73.2 0.990641274862
73.3 0.990753591773
73.4 0.99094763779
73.5 0.991255253547
73.6 0.991587990319
73.7 0.991587990319
73.8 0.991717584213
73.9 0.992090676312
74.0 0.992090676312
74.1 0.992549584633
74.2 0.992769769128
74.3 0.992769769128
74.4 0.992906101106
74.5 0.992906101106
74.6 0.992906101106
74.7 0.992906101106
74.8 0.992906101106
74.9 0.992906101106
