45.0 0.0181569032469
45.1 0.0181569032469
45.2 0.0181569032469
45.3 0.0181569032469
45.4 0.0181569032469
45.5 0.0181569032469
45.6 0.0181569032469
45.7 0.0181569032469
45.8 0.0181569032469
45.9 0.0181569032469
46.0 0.0181569032469
46.1 0.0180655088476
46.2 0.0180384368784
46.3 0.0180384368784
46.4 0.0184748265977
46.5 0.0184748265977
46.6 0.0181888631934
46.7 0.0181888631934
46.8 0.0181766639052
46.9 0.0185743052882
47.0 0.0185743052882
47.1 0.0185743052882
47.2 0.0185743052882
47.3 0.0187772895278
47.4 0.0188899217898
47.5 0.0188381823538
47.6 0.0195839220647
47.7 0.0195839220647
47.8 0.0195839220647
47.9 0.0201943752405
48.0 0.0203487716502
48.1 0.0208858773597
48.2 0.0211709832299
48.3 0.0211709832299
48.4 0.0211709832299
48.5 0.021704993007
48.6 0.0219423171497
48.7 0.0221333283952
48.8 0.0232198314911
48.9 0.0233895317613
49.0 0.0239739679854
49.1 0.0239739679854
49.2 0.0248961804578
49.3 0.0255361116984
49.4 0.0255361116984
49.5 0.0258336701723
49.6 0.0258336701723
49.7 0.0256478302246
49.8 0.0256478302246
49.9 0.0259817488312
50.0 0.0259817488312
50.1 0.0259817488312
50.2 0.0259817488312
50.3 0.0261855774535
50.4 0.0263776746259
50.5 0.026167823356
50.6 0.026167823356
50.7 0.026167823356
50.8 0.026128880238
50.9 0.026128880238
51.0 0.0266868915489
51.1 0.0278054820979
51.2 0.0303999224622
51.3 0.0313407446377
51.4 0.0313407446377
51.5 0.0313407446377
51.6 0.0313407446377
51.7 0.031623701367
51.8 0.031623701367
51.9 0.0328691907903
52.0 0.0327022068577
52.1 0.0327022068577
52.2 0.0327022068577
52.3 0.0350175755945
52.4 0.0350175755945
52.5 0.037601093746
52.6 0.037601093746
52.7 0.0389315382423
52.8 0.0389315382423
52.9 0.0389315382423
53.0 0.0389315382423
53.1 0.043973855681
53.2 0.0474455372108
53.3 0.0474455372108
53.4 0.0512304854058
53.5 0.0512304854058
53.6 0.0518212171656
53.7 0.0573634158516
53.8 0.0573634158516
53.9 0.0563070689166
54.0 0.0587114938861
54.1 0.0587114938861
54.2 0.0587114938861
54.3 0.0587114938861
54.4 0.0599573085449
54.5 0.0599573085449
54.6 0.0643962159861
54.7 0.068981473544
54.8 0.068981473544
54.9 0.068981473544
55.0 0.070160102312
55.1 0.070160102312
55.2 0.0750631854155
55.3 0.0750631854155
55.4 0.0772932680354
55.5 0.0791411933081
55.6 0.0791411933081
55.7 0.0791411933081
55.8 0.0797984815259
55.9 0.0892255705724
56.0 0.0892255705724
56.1 0.0911879708065
56.2 0.0911879708065
56.3 0.0911879708065
56.4 0.0911879708065
56.5 0.0919500196176
56.6 0.0919500196176
56.7 0.0996257159017
56.8 0.109838904048
56.9 0.109838904048
57.0 0.121921546248
57.1 0.130276901665
57.2 0.143903236572
57.3 0.143903236572
57.4 0.178924705865
57.5 0.204117793877
57.6 0.204117793877
57.7 0.204117793877
57.8 0.204117793877
57.9 0.204117793877
58.0 0.225427119974
58.1 0.240729158604
58.2 0.240729158604
58.3 0.240729158604
58.4 0.240729158604
58.5 0.276402469118
58.6 0.276402469118
58.7 0.276402469118
58.8 0.276402469118
58.9 0.311809132904
59.0 0.311809132904
59.1 0.311809132904
59.2 0.393431446191
59.3 0.393431446191
59.4 0.420829375471
59.5 0.420829375471
59.6 0.482660341767
59.7 0.535679098879
59.8 0.560786799264
59.9 0.582286150946
60.0 0.582286150946
60.1 0.582286150946
60.2 0.642378400288
60.3 0.711087397427
60.4 0.711087397427
60.5 0.744004375336
60.6 0.744004375336
60.7 0.753517931696
60.8 0.753517931696
60.9 0.753517931696
61.0 0.735320545208
61.1 0.736734452039
61.2 0.736734452039
61.3 0.736734452039
61.4 0.753375407284
61.5 0.775674262899
61.6 0.782399202388
61.7 0.791008231969
61.8 0.812955335469
61.9 0.827618884137
62.0 0.827618884137
62.1 0.827618884137
62.2 0.836216826773
62.3 0.850991840011
62.4 0.853541177873
62.5 0.854854342317
62.6 0.854854342317
62.7 0.860511399361
62.8 0.894518632792
62.9 0.899001566083
63.0 0.899001566083
63.1 0.899001566083
63.2 0.901458272648
63.3 0.903699257409
63.4 0.90620162931
63.5 0.90620162931
63.6 0.911152799113
63.7 0.913063592816
63.8 0.916510522547
63.9 0.918726593706
64.0 0.918726593706
64.1 0.921497222778
64.2 0.929160477317
64.3 0.932804244668
64.4 0.93750089806
64.5 0.93750089806
64.6 0.94206158322
64.7 0.94206158322
64.8 0.945235703128
64.9 0.945235703128
65.0 0.946671079172
65.1 0.948757369707
65.2 0.949434381885
65.3 0.949434381885
65.4 0.949801446323
65.5 0.949801446323
65.6 0.951878281575
65.7 0.951878281575
65.8 0.954441179678
65.9 0.954441179678
66.0 0.954441179678
66.1 0.955283163617
66.2 0.957288013392
66.3 0.957288013392
66.4 0.958096897737
66.5 0.958096897737
66.6 0.959443074382
66.7 0.962213716258
66.8 0.963270656227
66.9 0.964552995952
67.0 0.966516909627
67.1 0.966516909627
67.2 0.968136123735
67.3 0.968136123735
67.4 0.968136123735
67.5 0.969388850662
67.6 0.970021139811
67.7 0.970021139811
67.8 0.970957717554
67.9 0.970957717554
68.0 0.970957717554
68.1 0.972602756136
68.2 0.973360403206
68.3 0.973360403206
68.4 0.973360403206
68.5 0.974428465863
68.6 0.974428465863
68.7 0.974832537743
68.8 0.974832537743
68.9 0.975684741162
69.0 0.976315822308
69.1 0.976315822308
69.2 0.976918466846
69.3 0.977622797591
69.4 0.978095311416
69.5 0.978095311416
69.6 0.978095311416
69.7 0.978095311416
69.8 0.979118684749
69.9 0.979118684749
70.0 0.979891813186
70.1 0.979891813186
70.2 0.980589557763
70.3 0.980589557763
70.4 0.981482831826
70.5 0.981482831826
70.6 0.981482831826
70.7 0.982376828396
70.8 0.982987392792
70.9 0.984077517642
71.0 0.984849669613
71.1 0.984849669613
71.2 0.98546017547
71.3 0.98546017547
71.4 0.986270103006
71.5 0.986270103006
71.6 0.986845793899
71.7 0.987409972985
71.8 0.987409972985
71.9 0.98812158306
72.0 0.98812158306
72.1 0.988478264184
72.2 0.989123271037
72.3 0.989123271037
72.4 0.989123271037
72.5 0.989123271037
72.6 0.989123271037
72.7 0.989536327645
72.8 0.989848794713
72.9 0.989848794713
73.0 0.990088803991
73.1 0.990088803991
73.2 0.990471366497
73.3 0.990859592311
73.4 0.991149983464
73.5 0.991149983464
73.6 0.991597549535
73.7 0.991597549535
73.8 0.991925591516
73.9 0.992192369887
74.0 0.992252783957
74.1 0.992413025925
74.2 0.992413025925
74.3 0.992413025925
74.4 0.992413025925
74.5 0.992413025925
74.6 0.992413025925
74.7 0.992413025925
74.8 0.992413025925
74.9 0.992413025925
