45.0 0.0182577279299
45.1 0.0182577279299
45.2 0.0182577279299
45.3 0.0182577279299
45.4 0.0182577279299
45.5 0.0182577279299
45.6 0.0182577279299
45.7 0.0182577279299
45.8 0.0182577279299
45.9 0.0182577279299
46.0 0.0182577279299
46.1 0.0182577279299
46.2 0.0182577279299
46.3 0.0182040670447
46.4 0.0182040670447
46.5 0.0183395506141
46.6 0.0183395506141
46.7 0.0183395506141
46.8 0.0183866798898
46.9 0.0183866798898
47.0 0.0183866798898
47.1 0.0183523509815
47.2 0.0183523509815
47.3 0.0192494790786
47.4 0.0192494790786
47.5 0.0197162566326
47.6 0.0197162566326
47.7 0.0200753415176
47.8 0.0200753415176
47.9 0.0202938504968
48.0 0.0206561201067
48.1 0.0206561201067
48.2 0.0206561201067
48.3 0.0211351898815
48.4 0.0211351898815
48.5 0.0216074352201
48.6 0.02219708423
48.7 0.0227911989443
48.8 0.0232628876901
48.9 0.0236826437154
49.0 0.0240859562156
49.1 0.0240859562156
49.2 0.0248528538182
49.3 0.0252718392899
49.4 0.0252718392899
49.5 0.0252718392899
49.6 0.0252718392899
49.7 0.0252718392899
49.8 0.0256315574619
49.9 0.0259096651239
50.0 0.0259096651239
50.1 0.0261533508583
50.2 0.0254275431719
50.3 0.0254275431719
50.4 0.0254275431719
50.5 0.0259285374003
50.6 0.0259285374003
50.7 0.0267971387738
50.8 0.0289766285373
50.9 0.0289766285373
51.0 0.0289766285373
51.1 0.0289766285373
51.2 0.0295998431561
51.3 0.0295998431561
51.4 0.0295998431561
51.5 0.0302302302144
51.6 0.0302302302144
51.7 0.0314580429205
51.8 0.0316093025623
51.9 0.0316093025623
52.0 0.0329342642932
52.1 0.0329342642932
52.2 0.0355115253067
52.3 0.0364900169826
52.4 0.0364900169826
52.5 0.0380278932959
52.6 0.0423622511372
52.7 0.0423622511372
52.8 0.0423622511372
52.9 0.0446145345579
53.0 0.0453081386511
53.1 0.0453081386511
53.2 0.0453081386511
53.3 0.0492255617686
53.4 0.0500364446931
53.5 0.0500364446931
53.6 0.0515810627077
53.7 0.0540368033921
53.8 0.0549521683562
53.9 0.0549521683562
54.0 0.0624912961468
54.1 0.0624912961468
54.2 0.0627543991806
54.3 0.0627543991806
54.4 0.0683033558901
54.5 0.0683033558901
54.6 0.0683033558901
54.7 0.0707421919839
54.8 0.0707421919839
54.9 0.0727318951843
55.0 0.0727318951843
55.1 0.0727318951843
55.2 0.0727318951843
55.3 0.075060179112
55.4 0.075060179112
55.5 0.0830182473706
55.6 0.0830182473706
55.7 0.0830182473706
55.8 0.0848046923532
55.9 0.0848046923532
56.0 0.0848046923532
56.1 0.0848046923532
56.2 0.0869101324979
56.3 0.0871196053045
56.4 0.0931413684275
56.5 0.0979931173735
56.6 0.0979931173735
56.7 0.107527415168
56.8 0.114471747444
56.9 0.127396161687
57.0 0.127396161687
57.1 0.165189923458
57.2 0.177523078602
57.3 0.177523078602
57.4 0.194885320985
57.5 0.194885320985
57.6 0.221174922738
57.7 0.235065562162
57.8 0.235065562162
57.9 0.235065562162
58.0 0.235065562162
58.1 0.235065562162
58.2 0.235065562162
58.3 0.265783328392
58.4 0.265783328392
58.5 0.265783328392
58.6 0.265783328392
58.7 0.289003867399
58.8 0.324675723912
58.9 0.324675723912
59.0 0.324675723912
59.1 0.324675723912
59.2 0.352348799242
59.3 0.390572521793
59.4 0.448095965777
59.5 0.477843410998
59.6 0.49433886322
59.7 0.49433886322
59.8 0.516530015563
59.9 0.516530015563
60.0 0.540571929831
60.1 0.615074757925
60.2 0.639980498256
60.3 0.639980498256
60.4 0.696679693989
60.5 0.696679693989
60.6 0.696679693989
60.7 0.751768105106
60.8 0.751768105106
60.9 0.751768105106
61.0 0.762570978583
61.1 0.762570978583
61.2 0.762570978583
61.3 0.762570978583
61.4 0.776026000331
61.5 0.776026000331
61.6 0.788433333219
61.7 0.792180889603
61.8 0.792180889603
61.9 0.811115296107
62.0 0.834640541882
62.1 0.834640541882
62.2 0.844406641784
62.3 0.844406641784
62.4 0.844406641784
62.5 0.851130043379
62.6 0.860529110703
62.7 0.860529110703
62.8 0.864230819704
62.9 0.867923769854
63.0 0.871539266661
63.1 0.871539266661
63.2 0.877083751793
63.3 0.903987881096
63.4 0.908272855914
63.5 0.908272855914
63.6 0.910784669667
63.7 0.912728399732
63.8 0.915106513495
63.9 0.921659431552
64.0 0.924527223782
64.1 0.926818152226
64.2 0.926818152226
64.3 0.932495985932
64.4 0.934913717042
64.5 0.937771195828
64.6 0.941966537203
64.7 0.941966537203
64.8 0.943775988686
64.9 0.945449991244
65.0 0.945449991244
65.1 0.945449991244
65.2 0.947930392533
65.3 0.947930392533
65.4 0.950784841433
65.5 0.950784841433
65.6 0.950784841433
65.7 0.950784841433
65.8 0.951917664225
65.9 0.952871632248
66.0 0.954827746984
66.1 0.954827746984
66.2 0.955717005174
66.3 0.957355512733
66.4 0.957355512733
66.5 0.958284593181
66.6 0.961582759291
66.7 0.961582759291
66.8 0.963881900884
66.9 0.96500589663
67.0 0.96500589663
67.1 0.966045253184
67.2 0.966983120006
67.3 0.966983120006
67.4 0.966983120006
67.5 0.968817759491
67.6 0.969972614608
67.7 0.969972614608
67.8 0.970939338207
67.9 0.970939338207
68.0 0.970939338207
68.1 0.971758745225
68.2 0.972649031282
68.3 0.972649031282
68.4 0.972649031282
68.5 0.972649031282
68.6 0.97447280259
68.7 0.97447280259
68.8 0.975219191315
68.9 0.975219191315
69.0 0.976227184181
69.1 0.976227184181
69.2 0.976743920135
69.3 0.976743920135
69.4 0.976743920135
69.5 0.976743920135
69.6 0.977562597502
69.7 0.977562597502
69.8 0.978264469326
69.9 0.979034429336
70.0 0.979034429336
70.1 0.979680496912
70.2 0.980303844915
70.3 0.981170621864
70.4 0.981170621864
70.5 0.981928660038
70.6 0.981928660038
70.7 0.983338021969
70.8 0.983338021969
70.9 0.983338021969
71.0 0.984133320371
71.1 0.984744240085
71.2 0.985578215227
71.3 0.986290076205
71.4 0.986290076205
71.5 0.986290076205
71.6 0.986764532923
71.7 0.987461970106
71.8 0.987461970106
71.9 0.987461970106
72.0 0.987951287364
72.1 0.98841419863
72.2 0.98841419863
72.3 0.988912182195
72.4 0.988912182195
72.5 0.989877055586
72.6 0.989877055586
72.7 0.989877055586
72.8 0.989877055586
72.9 0.9901940959
73.0 0.9901940959
73.1 0.990509106277
73.2 0.99079094625
73.3 0.99079094625
73.4 0.99079094625
73.5 0.991170091736
73.6 0.991494976489
73.7 0.991693283459
73.8 0.991829846439
73.9 0.991829846439
74.0 0.991829846439
74.1 0.991829846439
74.2 0.991829846439
74.3 0.991829846439
74.4 0.991829846439
74.5 0.991829846439
74.6 0.991829846439
74.7 0.991829846439
74.8 0.991829846439
74.9 0.991829846439
