45.0 0.018374745213
45.1 0.018374745213
45.2 0.018374745213
45.3 0.018374745213
45.4 0.018374745213
45.5 0.018374745213
45.6 0.018374745213
45.7 0.018374745213
45.8 0.018374745213
45.9 0.018374745213
46.0 0.018374745213
46.1 0.018374745213
46.2 0.018374745213
46.3 0.018374745213
46.4 0.018374745213
46.5 0.018374745213
46.6 0.018374745213
46.7 0.018374745213
46.8 0.0190568385556
46.9 0.0190568385556
47.0 0.0190568385556
47.1 0.0193000626245
47.2 0.0193000626245
47.3 0.0196104712355
47.4 0.0196104712355
47.5 0.0199038674582
47.6 0.0199038674582
47.7 0.0199038674582
47.8 0.0199038674582
47.9 0.0200642896576
48.0 0.0203190006129
48.1 0.0207591621291
48.2 0.0207591621291
48.3 0.0209895021577
48.4 0.0212904873758
48.5 0.0218725838023
48.6 0.0223530717674
48.7 0.0229520661113
48.8 0.0229808053683
48.9 0.0229808053683
49.0 0.0240660497961
49.1 0.0240660497961
49.2 0.0240660497961
49.3 0.0240660497961
49.4 0.0241778478469
49.5 0.0243521800524
49.6 0.0246912435558
49.7 0.0248356194574
49.8 0.0248356194574
49.9 0.0253712520534
50.0 0.0253712520534
50.1 0.0253712520534
50.2 0.0263388383426
50.3 0.0263388383426
50.4 0.0284032895029
50.5 0.0283445809196
50.6 0.0283445809196
50.7 0.0283445809196
50.8 0.0283445809196
50.9 0.0283445809196
51.0 0.0283445809196
51.1 0.0287301794782
51.2 0.0287301794782
51.3 0.0298653232514
51.4 0.0300418638101
51.5 0.0300418638101
51.6 0.0312887607871
51.7 0.0312887607871
51.8 0.0312887607871
51.9 0.0312887607871
52.0 0.0332846479876
52.1 0.0332846479876
52.2 0.035867234499
52.3 0.0374564964239
52.4 0.0392266669876
52.5 0.0415401916441
52.6 0.0420796015616
52.7 0.0449479871098
52.8 0.0454352208345
52.9 0.0454352208345
53.0 0.0466873287494
53.1 0.0466873287494
53.2 0.0491155153065
53.3 0.0491155153065
53.4 0.0491155153065
53.5 0.0491155153065
53.6 0.052791706371
53.7 0.0556041431609
53.8 0.0556041431609
53.9 0.0576841281607
54.0 0.0626452310941
54.1 0.0626452310941
54.2 0.0645811031452
54.3 0.0673398155545
54.4 0.0673398155545
54.5 0.0673398155545
54.6 0.0686522960806
54.7 0.0745220558537
54.8 0.0745220558537
54.9 0.0774485273453
55.0 0.0774485273453
55.1 0.0774485273453
55.2 0.0774485273453
55.3 0.0774485273453
55.4 0.0774485273453
55.5 0.0774485273453
55.6 0.0797458987642
55.7 0.0803964844061
55.8 0.085589326261
55.9 0.085589326261
56.0 0.087392350295
56.1 0.087392350295
56.2 0.0915254652975
56.3 0.0915254652975
56.4 0.0989095201097
56.5 0.106103070428
56.6 0.115561771695
56.7 0.130949966492
56.8 0.13926176337
56.9 0.155429719838
57.0 0.155429719838
57.1 0.171483244195
57.2 0.186659126176
57.3 0.197559306651
57.4 0.207600236285
57.5 0.207600236285
57.6 0.207600236285
57.7 0.231285921877
57.8 0.231285921877
57.9 0.231285921877
58.0 0.231285921877
58.1 0.231285921877
58.2 0.282546421763
58.3 0.282546421763
58.4 0.305031184571
58.5 0.334668985693
58.6 0.334668985693
58.7 0.334668985693
58.8 0.35727888784
58.9 0.37945452502
59.0 0.37945452502
59.1 0.405956440213
59.2 0.405956440213
59.3 0.405956440213
59.4 0.424852504687
59.5 0.449631398635
59.6 0.449631398635
59.7 0.449631398635
59.8 0.499705559759
59.9 0.526115822825
60.0 0.551058817358
60.1 0.575836720488
60.2 0.594980796896
60.3 0.617232269468
60.4 0.617232269468
60.5 0.666996257488
60.6 0.666996257488
60.7 0.713637774469
60.8 0.758837912956
60.9 0.780361247647
61.0 0.780361247647
61.1 0.780361247647
61.2 0.780361247647
61.3 0.789243659995
61.4 0.789243659995
61.5 0.789243659995
61.6 0.789243659995
61.7 0.800652059116
61.8 0.8106858988
61.9 0.812698694628
62.0 0.812698694628
62.1 0.823765373508
62.2 0.829652075699
62.3 0.829652075699
62.4 0.83522574979
62.5 0.849926742666
62.6 0.849926742666
62.7 0.859844121366
62.8 0.859844121366
62.9 0.859844121366
63.0 0.866264196521
63.1 0.874902413763
63.2 0.878602000845
63.3 0.882091788028
63.4 0.885194578669
63.5 0.890031234644
63.6 0.916107674282
63.7 0.916107674282
63.8 0.91834320123
63.9 0.920401285343
64.0 0.925449504199
64.1 0.927762232485
64.2 0.927762232485
64.3 0.932527212708
64.4 0.932527212708
64.5 0.934194729588
64.6 0.937119831809
64.7 0.939133865784
64.8 0.939133865784
64.9 0.944946681085
65.0 0.944946681085
65.1 0.944946681085
65.2 0.944946681085
65.3 0.946894293198
65.4 0.948776431
65.5 0.951079542668
65.6 0.951079542668
65.7 0.951079542668
65.8 0.952326376283
65.9 0.953847575527
66.0 0.953847575527
66.1 0.954991907755
66.2 0.954991907755
66.3 0.956086054486
66.4 0.958981672929
66.5 0.958981672929
66.6 0.960422359445
66.7 0.961206541697
66.8 0.96204898021
66.9 0.963270889791
67.0 0.964120905867
67.1 0.964120905867
67.2 0.965020772782
67.3 0.966249582523
67.4 0.967101134749
67.5 0.967954362715
67.6 0.967954362715
67.7 0.968980808298
67.8 0.968980808298
67.9 0.969492676348
68.0 0.970742123321
68.1 0.971994680077
68.2 0.971994680077
68.3 0.971994680077
68.4 0.971994680077
68.5 0.972910581694
68.6 0.973731664007
68.7 0.974614838488
68.8 0.974614838488
68.9 0.974614838488
69.0 0.974614838488
69.1 0.974614838488
69.2 0.974614838488
69.3 0.975507854376
69.4 0.976400324148
69.5 0.977251816413
69.6 0.977251816413
69.7 0.977251816413
69.8 0.97815246632
69.9 0.97815246632
70.0 0.97878102519
70.1 0.979515364644
70.2 0.98021941558
70.3 0.980901770747
70.4 0.981525116009
70.5 0.982123635191
70.6 0.982123635191
70.7 0.982939453884
70.8 0.983558989627
70.9 0.984150221132
71.0 0.984150221132
71.1 0.984805938631
71.2 0.984805938631
71.3 0.985514170578
71.4 0.985514170578
71.5 0.98604894562
71.6 0.986747947294
71.7 0.987288856884
71.8 0.987288856884
71.9 0.987778206701
72.0 0.987778206701
72.1 0.988397257931
72.2 0.988794510025
72.3 0.989229367098
72.4 0.989229367098
72.5 0.989709220361
72.6 0.989709220361
72.7 0.990106792364
72.8 0.990581870274
72.9 0.990581870274
73.0 0.990581870274
73.1 0.990581870274
73.2 0.990819913409
73.3 0.99107171727
73.4 0.99107171727
73.5 0.99107171727
73.6 0.99107171727
73.7 0.99107171727
73.8 0.99107171727
73.9 0.99107171727
74.0 0.99107171727
74.1 0.99107171727
74.2 0.99107171727
74.3 0.99107171727
74.4 0.99107171727
74.5 0.99107171727
74.6 0.99107171727
74.7 0.99107171727
74.8 0.99107171727
74.9 0.99107171727
