45.0 0.0184643221394
45.1 0.0184643221394
45.2 0.0184643221394
45.3 0.0184643221394
45.4 0.0184643221394
45.5 0.0184643221394
45.6 0.0182862764634
45.7 0.0176352865918
45.8 0.0176352865918
45.9 0.0164946464949
46.0 0.01687695419
46.1 0.01687695419
46.2 0.0168948568643
46.3 0.0168948568643
46.4 0.0182819008092
46.5 0.0182819008092
46.6 0.0192550511197
46.7 0.0192550511197
46.8 0.0191115307371
46.9 0.0176640999589
47.0 0.0181981232342
47.1 0.0187138080767
47.2 0.020029755695
47.3 0.0185602019788
47.4 0.0186197416362
47.5 0.0192428918212
47.6 0.0192428918212
47.7 0.0183630093869
47.8 0.0181222397661
47.9 0.0181222397661
48.0 0.0188428143457
48.1 0.0224679245991
48.2 0.0224679245991
48.3 0.0224679245991
48.4 0.0231421106659
48.5 0.0231421106659
48.6 0.0239694974871
48.7 0.0245056366181
48.8 0.0245056366181
48.9 0.0261099333652
49.0 0.0261099333652
49.1 0.0261099333652
49.2 0.0233235319736
49.3 0.0233235319736
49.4 0.0227299765337
49.5 0.0234944445752
49.6 0.0237721088013
49.7 0.0247067467625
49.8 0.0247067467625
49.9 0.0247067467625
50.0 0.0260498167565
50.1 0.0272245993112
50.2 0.0272245993112
50.3 0.028330589676
50.4 0.0266843303893
50.5 0.0291654532033
50.6 0.0291654532033
50.7 0.0291654532033
50.8 0.0291654532033
50.9 0.0278376884742
51.0 0.0270303254003
51.1 0.0271123929162
51.2 0.0271123929162
51.3 0.0247666820139
51.4 0.0247666820139
51.5 0.0257689031076
51.6 0.0257689031076
51.7 0.0257689031076
51.8 0.0257689031076
51.9 0.0280555312175
52.0 0.0374030440811
52.1 0.0374030440811
52.2 0.0400127319102
52.3 0.0400127319102
52.4 0.0400127319102
52.5 0.0400127319102
52.6 0.03993674779
52.7 0.03993674779
52.8 0.0457714970354
52.9 0.0430207639552
53.0 0.0430207639552
53.1 0.0405372897863
53.2 0.0405372897863
53.3 0.0405372897863
53.4 0.0480238673138
53.5 0.0480238673138
53.6 0.0480238673138
53.7 0.0480238673138
53.8 0.0510889638295
53.9 0.0510889638295
54.0 0.0535040008129
54.1 0.0608452718704
54.2 0.0608452718704
54.3 0.0643962777651
54.4 0.0643962777651
54.5 0.0643962777651
54.6 0.0656548569936
54.7 0.0656548569936
54.8 0.0644379398774
54.9 0.0682242117292
55.0 0.0682242117292
55.1 0.0639876391983
55.2 0.0624557573509
55.3 0.064345021928
55.4 0.0670562847803
55.5 0.0778749370324
55.6 0.0778749370324
55.7 0.0778749370324
55.8 0.0820963899726
55.9 0.103096842301
56.0 0.103096842301
56.1 0.0977389327789
56.2 0.0977389327789
56.3 0.0977389327789
56.4 0.0932962958159
56.5 0.0932962958159
56.6 0.121592682546
56.7 0.121592682546
56.8 0.114029213166
56.9 0.114029213166
57.0 0.114029213166
57.1 0.115760725885
57.2 0.111054841294
57.3 0.111054841294
57.4 0.111054841294
57.5 0.127705914857
57.6 0.104888761993
57.7 0.118408557075
57.8 0.118408557075
57.9 0.118408557075
58.0 0.118408557075
58.1 0.146907070557
58.2 0.182036930921
58.3 0.210707499043
58.4 0.304336347354
58.5 0.29499505509
58.6 0.319261609415
58.7 0.319261609415
58.8 0.299442571384
58.9 0.327908867017
59.0 0.327908867017
59.1 0.327908867017
59.2 0.327908867017
59.3 0.376888325443
59.4 0.376888325443
59.5 0.376888325443
59.6 0.576515419837
59.7 0.576515419837
59.8 0.640456231902
59.9 0.73308267982
60.0 0.73308267982
60.1 0.73308267982
60.2 0.723261125632
60.3 0.723261125632
60.4 0.723261125632
60.5 0.731079305416
60.6 0.731079305416
60.7 0.714867326469
60.8 0.714867326469
60.9 0.685866906002
61.0 0.685866906002
61.1 0.706143935686
61.2 0.777938633911
61.3 0.777938633911
61.4 0.777938633911
61.5 0.813063540187
61.6 0.822985975433
61.7 0.759918580569
61.8 0.759918580569
61.9 0.767320261472
62.0 0.767320261472
62.1 0.789730119242
62.2 0.893900645205
62.3 0.893900645205
62.4 0.893900645205
62.5 0.894733817809
62.6 0.894733817809
62.7 0.895934385645
62.8 0.899156294257
62.9 0.899696161121
63.0 0.894769914726
63.1 0.894769914726
63.2 0.894769914726
63.3 0.895869693195
63.4 0.903799194069
63.5 0.903947758785
63.6 0.903947758785
63.7 0.921594039692
63.8 0.921594039692
63.9 0.921594039692
64.0 0.921594039692
64.1 0.926800809089
64.2 0.926800809089
64.3 0.932395626006
64.4 0.936086725407
64.5 0.936086725407
64.6 0.9398158267
64.7 0.9398158267
64.8 0.9398158267
64.9 0.94182116605
65.0 0.943567809126
65.1 0.948577327484
65.2 0.948577327484
65.3 0.951092827786
65.4 0.950221314529
65.5 0.952173436219
65.6 0.952672049308
65.7 0.955976874655
65.8 0.955615215314
65.9 0.955615215314
66.0 0.95601446075
66.1 0.95601446075
66.2 0.957869060591
66.3 0.956867256613
66.4 0.956867256613
66.5 0.959367511248
66.6 0.962082190024
66.7 0.963676143209
66.8 0.963676143209
66.9 0.963676143209
67.0 0.963749583311
67.1 0.966098511899
67.2 0.966098511899
67.3 0.966098511899
67.4 0.967288881873
67.5 0.970121364722
67.6 0.970121364722
67.7 0.972040343953
67.8 0.972040343953
67.9 0.972689746291
68.0 0.972894335761
68.1 0.973382437747
68.2 0.974369044055
68.3 0.97427349217
68.4 0.97427349217
68.5 0.97427349217
68.6 0.975720309081
68.7 0.975720309081
68.8 0.975482087227
68.9 0.975590800841
69.0 0.975590800841
69.1 0.976971561465
69.2 0.976971561465
69.3 0.976971561465
69.4 0.977722972465
69.5 0.977722972465
69.6 0.978439578643
69.7 0.980082941952
69.8 0.980082941952
69.9 0.980795555642
70.0 0.980795555642
70.1 0.980795555642
70.2 0.981623339137
70.3 0.982478067311
70.4 0.982478067311
70.5 0.982478067311
70.6 0.982478067311
70.7 0.982478067311
70.8 0.983196166523
70.9 0.98411041038
71.0 0.98411041038
71.1 0.98411041038
71.2 0.985382316805
71.3 0.985382316805
71.4 0.985382316805
71.5 0.985853594877
71.6 0.986929445412
71.7 0.986929445412
71.8 0.986929445412
71.9 0.986929445412
72.0 0.98732643321
72.1 0.988039200593
72.2 0.988039200593
72.3 0.988371136392
72.4 0.988371136392
72.5 0.988903592396
72.6 0.988903592396
72.7 0.989402796295
72.8 0.990014781965
72.9 0.990080307983
73.0 0.990611295982
73.1 0.990611295982
73.2 0.990677605281
73.3 0.991037571405
73.4 0.991037571405
73.5 0.991037571405
73.6 0.991426875563
73.7 0.991283979599
73.8 0.991283979599
73.9 0.992138409233
74.0 0.992138409233
74.1 0.992138409233
74.2 0.99249004097
74.3 0.992897373025
74.4 0.992897373025
74.5 0.993401129023
74.6 0.993323183444
74.7 0.993322161242
74.8 0.993322161242
74.9 0.993322161242
